-4.999999999928781413e+00
-4.994289329420521284e+00
-4.977168188480584732e+00
-4.948669168173854160e+00
-4.908846518005259618e+00
-4.857776042652773185e+00
-4.795554957668880292e+00
-4.722301704425263758e+00
-4.638155724652916589e+00
-4.543277195006879765e+00
-4.437846722160877277e+00
-4.322064999012249942e+00
-4.196152422651610259e+00
-4.060348674824466819e+00
-3.914912265683388348e+00
-3.760120041699238413e+00
-3.596266658668187510e+00
-3.423664020817653864e+00
-3.242640687078875761e+00
-3.053541245656320235e+00
-2.856725658084444675e+00
-2.652568574020457426e+00
-2.441458618077406939e+00
-2.223797650055133523e+00
-1.999999999977310594e+00
