0.000000000000000000e+00
-5.481373876041080173e-01
-1.095231364536819463e+00
-1.640240506318253244e+00
-2.182127357070733797e+00
-2.719860404375019858e+00
-3.252416042812817931e+00
-3.778780522457878543e+00
-4.297951878606594001e+00
-4.808941839074768687e+00
-5.310777705429877926e+00
-5.802504204577823010e+00
-6.283185307179587120e+00
-6.751906009436221545e+00
-7.207774074850640034e+00
-7.649921732650480699e+00
-8.077507329639097122e+00
-8.489716932330242827e+00
-8.885765876316726875e+00
-9.264900259923726011e+00
-9.626398379303463315e+00
-9.969572102239471434e+00
-1.029376817804542732e+01
-1.059836948106493715e+01
-4.993199193161493632e+00
