-5.095932280272480241e+00
-5.090302543856335404e+00
-5.073424925820821940e+00
-5.045334197972469958e+00
-5.006088308474230253e+00
-4.955768379143625779e+00
-4.894478711432140194e+00
-4.822346812446060227e+00
-4.739523458326328154e+00
-4.646182821214173586e+00
-4.542522699982375123e+00
-4.428764917706168092e+00
-4.305155987662710793e+00
-4.171968218693391961e+00
-4.029501559587027160e+00
-3.878086735761419490e+00
-3.718090762679366001e+00
-3.549927116795565496e+00
-3.374075786352512374e+00
-3.191126486484328950e+00
-3.001883722983824221e+00
-2.807668862675061661e+00
-2.611432661646515108e+00
-2.462314687393975632e+00
-2.392344345629625835e+00
