2.496380006902021518e-11
-5.481373875721873290e-01
-1.095231364498002069e+00
-1.640240506272613530e+00
-2.182127357018359248e+00
-2.719860404316008839e+00
-3.252416042747284131e+00
-3.778780522385944973e+00
-4.297951878528401437e+00
-4.808941838990461903e+00
-5.310777705339618571e+00
-5.802504204481786942e+00
-6.283185307077945758e+00
-6.751906009329176506e+00
-7.207774074738394710e+00
-7.649921732533255359e+00
-8.077507329517107593e+00
-8.489716932203718258e+00
-8.885765876185914180e+00
-9.264900259788873882e+00
-9.626398379164816888e+00
-9.969572102097306043e+00
-1.029376817790001297e+01
-1.059836948091655451e+01
-1.088279618525422876e+01
