9.182989701912392944e-01
9.182989701912392944e-01
9.182989701912392944e-01
9.182989701912392944e-01
9.182989701912392944e-01
9.182989701912392944e-01
9.182989701912392944e-01
9.182989701912392944e-01
9.182989701912392944e-01
9.182989701912392944e-01
9.182989701912392944e-01
9.182989701912392944e-01
9.182989701912392944e-01
9.182989701912392944e-01
9.182989701912392944e-01
9.182989701912392944e-01
9.182989701912392944e-01
9.182989701912392944e-01
9.182989701912392944e-01
9.182989701912392944e-01
9.182989701912392944e-01
9.182989701912392944e-01
9.182989701912392944e-01
9.182989701912392944e-01
9.182989701912392944e-01
